All available DIVS:

{'PC1': 0.7000322081246134,
 'PC2': 0.2004115368036632,
 'PC3': 0.059245905851913,
 'PC4': 0.022476094420002507,
 'PC5': 0.008260450528327145,
 'PC6': 0.0030765815348821816,
 'PC7': 0.002350343732584317,
 'PC8': 0.0018600461753661085,
 'PC9': 0.0010681158098303821,
 'PC10': 0.0004951524021193675,
 'PC11': 0.0003570066833646287,
 'PC12': 0.00022204086735826614,
 'PC13': 0.00014451706597532344}

 Sans DIV5:

{'PC1': 0.6598065181558901,
 'PC2': 0.2342598121652627,
 'PC3': 0.06368821814502032,
 'PC4': 0.025915578830996495,
 'PC5': 0.0057392975129144635,
 'PC6': 0.003388093697911516,
 'PC7': 0.0026840150337074757,
 'PC8': 0.0020910252053276423,
 'PC9': 0.0012041942994813245,
 'PC10': 0.0005088197460954215,
 'PC11': 0.00036790355122558595,
 'PC12': 0.0002084665989558408,
 'PC13': 0.00013805705721100085}

