All available DIVS:

{'PC1': 0.8094465404345109,
 'PC2': 0.11979379112750412,
 'PC3': 0.04590727034352905,
 'PC4': 0.01525742241894863,
 'PC5': 0.006409014876162045,
 'PC6': 0.0012641157874896047,
 'PC7': 0.0006479242988954887,
 'PC8': 0.0003784113197435904,
 'PC9': 0.0003715524231478261,
 'PC10': 0.00023691204687944543,
 'PC11': 0.00014749293992133482,
 'PC12': 9.606406556427693e-05,
 'PC13': 4.34879177036405e-05}

 Sans DIV5:

 {'PC1': 0.7748093299399003,
 'PC2': 0.139419155024861,
 'PC3': 0.0571738984261881,
 'PC4': 0.017478129963292725,
 'PC5': 0.00781533113125936,
 'PC6': 0.0011580281962103982,
 'PC7': 0.0007426066640638334,
 'PC8': 0.0004528903647231085,
 'PC9': 0.0004036074812741951,
 'PC10': 0.0002613596666872696,
 'PC11': 0.0001391956177085674,
 'PC12': 0.00010352491224566115,
 'PC13': 4.294261158532907e-05}

